0
0
0
0
0
0.6861
0.6861
0.6861
0.6861
0.6861
0.6861
0.6861
0.6861
0.6861
0.6861
0.196
0.196
0.196
0.196
0.196
0.196
0.196
0.196
0.196
0.196
0.308
0.308
0.308
0.308
0.308
0.308
0.308
0.308
0.308
0.308
0.476
0.476
0.476
0.476
0.476
0.476
0.476
0.476
0.476
0.476
1.8335
1.8335
1.8335
1.8335
1.8335
1.8335
1.8335
1.8335
1.8335
1.8335
0.5
0.5
0.5
0.5
0.5
0.5
0.5
0.5
0.5
0.5
0.75
0.75
0.75
0.75
0.75
0.75
0.75
0.75
0.75
0.75
1.3332
1.3332
1.3332
1.3332
1.3332
1.3332
1.3332
1.3332
1.3332
1.3332
0.3668
0.3668
0.3668
0.3668
0.3668
0.3668
0.3668
0.3668
0.3668
0.3668
0.167
0.167
0.167
0.167
0.167
0.167
0.167
0.167
0.167
0.167
0.517
0.517
0.517
0.517
0.517
0.517
0.517
0.517
0.517
0.517
0.5333
0.5333
0.5333
0.5333
0.5333
0.5333
0.5333
0.5333
0.5333
0.5333
1.0002
1.0002
1.0002
1.0002
1.0002
1.0002
1.0002
1.0002
1.0002
1.0002
0.8334
0.8334
0.8334
0.8334
0.8334
0.8334
0.8334
0.8334
0.8334
0.8334
0.9998
0.9998
0.9998
0.9998
0.9998
0.9998
0.9998
0.9998
0.9998
0.9998
1.5
1.5
1.5
1.5
1.5
1.5
1.5
1.5
1.5
1.5
1.6666
1.6666
1.6666
1.6666
1.6666
1.6666
1.6666
1.6666
1.6666
1.6666
1.4166
1.4166
1.4166
1.4166
1.4166
1.4166
1.4166
1.4166
1.4166
1.4166
0.9998
0.9998
0.9998
0.9998
0.9998
0.9998
0.9998
0.9998
0.9998
0.9998
0.9164
0.9164
0.9164
0.9164
0.9164
0.9164
0.9164
0.9164
0.9164
0.9164
0.6668
0.6668
0.6668
0.6668
0.6668
0.6668
0.6668
0.6668
0.6668
0.6668
0.7225
0.7225
0.7225
0.7225
0.7225
0.7225
0.7225
0.7225
0.7225
0.7225
0.6779
0.6779
0.6779
0.6779
0.6779
0.6779
0.6779
0.6779
0.6779
0.6779
0.7429
0.7429
0.7429
0.7429
0.7429
0.7429
0.7429
0.7429
0.7429
0.7429
0.857
0.857
0.857
0.857
0.857
0.857
0.857
0.857
0.857
0.857
0.6668
0.6668
0.6668
0.6668
0.6668
0.6668
0.6668
0.6668
0.6668
0.6668
0.8337
0.8337
0.8337
0.8337
0.8337
0.8337
0.8337
0.8337
0.8337
0.8337
0.5837
0.5837
0.5837
0.5837
0.5837
0.5837
0.5837
0.5837
0.5837
0.5837
0.6502
0.6502
0.6502
0.6502
0.6502
0.6502
0.6502
0.6502
0.6502
0.6502
1.0168
1.0168
1.0168
1.0168
1.0168
1.0168
1.0168
1.0168
1.0168
1.0168
0.6668
0.6668
0.6668
0.6668
0.6668
0.6668
0.6668
0.6668
0.6668
0.6668
0.4406
0.4406
0.4406
0.4406
0.4406
0.4406
0.4406
0.4406
0.4406
0.4406
0.3094
0.3094
0.3094
0.3094
0.3094
0.3094
0.3094
0.3094
0.3094
0.3094
0.2191
0.2191
0.2191
0.2191
0.2191
0.2191
0.2191
0.2191
0.2191
0.2191
0.175
0.175
0.175
0.175
0.175
0.175
0.175
0.175
0.175
0.175
0.1882
0.1882
0.1882
0.1882
0.1882
0.1882
0.1882
0.1882
0.1882
0.1882
0.208
0.208
0.208
0.208
0.208
0.208
0.208
0.208
0.208
0.208
0.308
0.308
0.308
0.308
0.308
0.308
0.308
0.308
0.308
0.308
0.4352
0.4352
0.4352
0.4352
0.4352
0.4352
0.4352
0.4352
0.4352
0.4352
0.175
0.175
0.175
0.175
0.175
0.175
0.175
0.175
0.175
0.175
0.3226
0.3226
0.3226
0.3226
0.3226
0.3226
0.3226
0.3226
0.3226
0.3226
0.5554
0.5554
0.5554
0.5554
0.5554
0.5554
0.5554
0.5554
0.5554
0.5554
0.222
0.222
0.222
0.222
0.222
0.222
0.222
0.222
0.222
0.222
0.0789
0.0789
0.0789
0.0789
0.0789
0.0789
0.0789
0.0789
0.0789
0.0789
0.063
0.063
0.063
0.063
0.063
0.063
0.063
0.063
0.063
0.063
0.063
0.063
0.063
0.063
0.063
0.063
0.063
0.063
0.063
0.063
0.063
0.063
0.063
0.063
0.063
0.063
0.063
0.063
0.063
0.063
0.063
0.063
0.063
0.063
0.063
0.063
0.063
0.063
0.063
0.063
0.0252
0.0252
0.0252
0.0252
0.0252
0.0252
0.0252
0.0252
0.0252
0.0252
0
0
0
0
0
0
0
0
0
0
0
0
0
0
0
0
0
0
0
0
0
0
0
0
0
0
0
0
0
0
0
0
0
0
0
0
0
0
0
0
0
0
0
0
0
0
0
0
0
0
0
0
0
0
0
0
0
0
0
0
0
0
0
0
0
0
0
0
0
0
0.7501
0.7501
0.7501
0.7501
0.7501
0.7501
0.7501
0.7501
0.7501
0.7501
0.2502
0.2502
0.2502
0.2502
0.2502
0.2502
0.2502
0.2502
0.2502
0.2502
0
0
0
0
0
0
0
0
0
0
0
0
0
0
0
0
0
0
0
0
0
0
0
0
0
0
0
0
0
0
0
0
0
0
0
0
0
0
0
0
0
0
0
0
0
0
0
0
0
0
0
0
0
0
0
0
0
0
0
0
0.3333
0.3333
0.3333
0.3333
0.3333
0.3333
0.3333
0.3333
0.3333
0.3333
0.278
0.278
0.278
0.278
0.278
0.278
0.278
0.278
0.278
0.278
0.8892
0.8892
0.8892
0.8892
0.8892
0.8892
0.8892
0.8892
0.8892
0.8892
3.5001
3.5001
3.5001
3.5001
3.5001
3.5001
3.5001
3.5001
3.5001
3.5001
0.8
0.8
0.8
0.8
0.8
0.8
0.8
0.8
0.8
0.8
0.2578
0.2578
0.2578
0.2578
0.2578
0.2578
0.2578
0.2578
0.2578
0.2578
0.145
0.145
0.145
0.145
0.145
0.145
0.145
0.145
0.145
0.145
0.2138
0.2138
0.2138
0.2138
0.2138
0.2138
0.2138
0.2138
0.2138
0.2138
0.6168
0.6168
0.6168
0.6168
0.6168
0.6168
0.6168
0.6168
0.6168
0.6168
0.3136
0.3136
0.3136
0.3136
0.3136
0.3136
0.3136
0.3136
0.3136
0.3136
0.139
0.139
0.139
0.139
0.139
0.139
0.139
0.139
0.139
0.139
0.139
0.139
0.139
0.139
0.139
0.139
0.139
0.139
0.139
0.139
0.1712
0.1712
0.1712
0.1712
0.1712
0.1712
0.1712
0.1712
0.1712
0.1712
0.185
0.185
0.185
0.185
0.185
0.185
0.185
0.185
0.185
0.185
0.0734
0.0734
0.0734
0.0734
0.0734
0.0734
0.0734
0.0734
0.0734
0.0734
0.061
0.061
0.061
0.061
0.061
0.061
0.061
0.061
0.061
0.061
0.061
0.061
0.061
0.061
0.061
0.061
0.061
0.061
0.061
0.061
0.061
0.061
0.061
0.061
0.061
0.061
0.061
0.061
0.061
0.061
0.061
0.061
0.061
0.061
0.061
0.061
0.061
0.061
0.061
0.061
0.0922
0.0922
0.0922
0.0922
0.0922
0.0922
0.0922
0.0922
0.0922
0.0922
0.139
0.139
0.139
0.139
0.139
0.139
0.139
0.139
0.139
0.139
0.139
0.139
0.139
0.139
0.139
0.139
0.139
0.139
0.139
0.139
0.4583
0.4583
0.4583
0.4583
0.4583
0.4583
0.4583
0.4583
0.4583
0.4583
0.542
0.542
0.542
0.542
0.542
0.542
0.542
0.542
0.542
0.542
0.303
0.303
0.303
0.303
0.303
0.303
0.303
0.303
0.303
0.303
0.2805
0.2805
0.2805
0.2805
0.2805
0.2805
0.2805
0.2805
0.2805
0.2805
0.159
0.159
0.159
0.159
0.159
0.159
0.159
0.159
0.159
0.159
0.108
0.108
0.108
0.108
0.108
0.108
0.108
0.108
0.108
0.108
0.108
0.108
0.108
0.108
0.108
0.108
0.108
0.108
0.108
0.108
0.0432
0.0432
0.0432
0.0432
0.0432
0.0432
0.0432
0.0432
0.0432
0.0432
0
0
0
0
0
0
0
0
0
0
0
0
0
0
0
0
0
0
0
0
0
0
0
0
0
0
0
0
0
0
0
0
0
0
0
0
0
0
0
0
0
0
0
0
0
0
0
0
0
0
0
0
0
0
0
0
0
0
0
0
0
0
0
0
0
0
0
0
0
0
0
0
0
0
0
0
0
0
0
0
0
0
0
0
0
0
0
0
0
0
0
0
0
0
0
0
0
0
0
0
0
0
0
0
0
0
0
0
0
0
0
0
0
0
0
0
0
0
0
0
0
0
0
0
0
0
0
0
0
0
0
0
0
0
0
0
0
0
0
0
0
0
0
0
0
0
0
0
0
0
0
0
0
0
0
0
0
0
0
0
0
0
0
0
0
0
0
0
0
0
0
0
0
0
0
0
0
0
0
0
0
0
0
0
0
0
0
0
0
0
0
0
0
0
0
0
0
0
0
0
0
0
0
0
0
0
0
0
0
0
0
0
0
0
0
0
0
0
0
0
0
0
0
0
0
0
0
0
0
0
0
0
0
0
0
0
0
0
0
0
0
0
0
0
0
0
0
0
0
0
0
0
0
0
0
0
0
0
0
0
0
0
0
0
0
0
0
0
0
0
0.3685
0.3685
0.3685
0.3685
0.3685
0.3685
0.3685
0.3685
0.3685
0.3685
0.088
0.088
0.088
0.088
0.088
0.088
0.088
0.088
0.088
0.088
0.088
0.088
0.088
0.088
0.088
0.088
0.088
0.088
0.088
0.088
0.088
0.088
0.088
0.088
0.088
0.088
0.088
0.088
0.088
0.088
0.115
0.115
0.115
0.115
0.115
0.115
0.115
0.115
0.115
0.115
0.133
0.133
0.133
0.133
0.133
0.133
0.133
0.133
0.133
0.133
0.1372
0.1372
0.1372
0.1372
0.1372
0.1372
0.1372
0.1372
0.1372
0.1372
0.175
0.175
0.175
0.175
0.175
0.175
0.175
0.175
0.175
0.175
0.2006
0.2006
0.2006
0.2006
0.2006
0.2006
0.2006
0.2006
0.2006
0.2006
0.2902
0.2902
0.2902
0.2902
0.2902
0.2902
0.2902
0.2902
0.2902
0.2902
0.175
0.175
0.175
0.175
0.175
0.175
0.175
0.175
0.175
0.175
0.1912
0.1912
0.1912
0.1912
0.1912
0.1912
0.1912
0.1912
0.1912
0.1912
0.256
0.256
0.256
0.256
0.256
0.256
0.256
0.256
0.256
0.256
0.2758
0.2758
0.2758
0.2758
0.2758
0.2758
0.2758
0.2758
0.2758
0.2758
0.2955
0.2955
0.2955
0.2955
0.2955
0.2955
0.2955
0.2955
0.2955
0.2955
0.321
0.321
0.321
0.321
0.321
0.321
0.321
0.321
0.321
0.321
0.4668
0.4668
0.4668
0.4668
0.4668
0.4668
0.4668
0.4668
0.4668
0.4668
0.7334
0.7334
0.7334
0.7334
0.7334
0.7334
0.7334
0.7334
0.7334
0.7334
0.7114
0.7114
0.7114
0.7114
0.7114
0.7114
0.7114
0.7114
0.7114
0.7114
1.1556
1.1556
1.1556
1.1556
1.1556
1.1556
1.1556
1.1556
1.1556
1.1556
1.1503
1.1503
1.1503
1.1503
1.1503
1.1503
1.1503
1.1503
1.1503
1.1503
0.483
0.483
0.483
0.483
0.483
0.483
0.483
0.483
0.483
0.483
0.8498
0.8498
0.8498
0.8498
0.8498
0.8498
0.8498
0.8498
0.8498
0.8498
0.5089
0.5089
0.5089
0.5089
0.5089
0.5089
0.5089
0.5089
0.5089
0.5089
0.8358
0.8358
0.8358
0.8358
0.8358
0.8358
0.8358
0.8358
0.8358
0.8358
0.377
0.377
0.377
0.377
0.377
0.377
0.377
0.377
0.377
0.377
0.3614
0.3614
0.3614
0.3614
0.3614
0.3614
0.3614
0.3614
0.3614
0.3614
0.5666
0.5666
0.5666
0.5666
0.5666
0.5666
0.5666
0.5666
0.5666
0.5666
0.222
0.222
0.222
0.222
0.222
0.222
0.222
0.222
0.222
0.222
0.3108
0.3108
0.3108
0.3108
0.3108
0.3108
0.3108
0.3108
0.3108
0.3108
0.257
0.257
0.257
0.257
0.257
0.257
0.257
0.257
0.257
0.257
0.2212
0.2212
0.2212
0.2212
0.2212
0.2212
0.2212
0.2212
0.2212
0.2212
0.196
0.196
0.196
0.196
0.196
0.196
0.196
0.196
0.196
0.196
0.2709
0.2709
0.2709
0.2709
0.2709
0.2709
0.2709
0.2709
0.2709
0.2709
0.264
0.264
0.264
0.264
0.264
0.264
0.264
0.264
0.264
0.264
0.2142
0.2142
0.2142
0.2142
0.2142
0.2142
0.2142
0.2142
0.2142
0.2142
0.119
0.119
0.119
0.119
0.119
0.119
0.119
0.119
0.119
0.119
0.119
0.119
0.119
0.119
0.119
0.119
0.119
0.119
0.119
0.119
0.1414
0.1414
0.1414
0.1414
0.1414
0.1414
0.1414
0.1414
0.1414
0.1414
0.175
0.175
0.175
0.175
0.175
0.175
0.175
0.175
0.175
0.175
0.175
0.175
0.175
0.175
0.175
0.175
0.175
0.175
0.175
0.175
0.175
0.175
0.175
0.175
0.175
0.175
0.175
0.175
0.175
0.175
0.2518
0.2518
0.2518
0.2518
0.2518
0.2518
0.2518
0.2518
0.2518
0.2518
0.2705
0.2705
0.2705
0.2705
0.2705
0.2705
0.2705
0.2705
0.2705
0.2705
0.238
0.238
0.238
0.238
0.238
0.238
0.238
0.238
0.238
0.238
0.238
0.238
0.238
0.238
0.238
0.238
0.238
0.238
0.238
0.238
0.3045
0.3045
0.3045
0.3045
0.3045
0.3045
0.3045
0.3045
0.3045
0.3045
0.683
0.683
0.683
0.683
0.683
0.683
0.683
0.683
0.683
0.683
0.4586
0.4586
0.4586
0.4586
0.4586
0.4586
0.4586
0.4586
0.4586
0.4586
0.3753
0.3753
0.3753
0.3753
0.3753
0.3753
0.3753
0.3753
0.3753
0.3753
0.274
0.274
0.274
0.274
0.274
0.274
0.274
0.274
0.274
0.274
0.238
0.238
0.238
0.238
0.238
0.238
0.238
0.238
0.238
0.238
0.1575
0.1575
0.1575
0.1575
0.1575
0.1575
0.1575
0.1575
0.1575
0.1575
0.123
0.123
0.123
0.123
0.123
0.123
0.123
0.123
0.123
0.123
0.123
0.123
0.123
0.123
0.123
0.123
0.123
0.123
0.123
0.123
0.098
0.098
0.098
0.098
0.098
0.098
0.098
0.098
0.098
0.098
0.098
0.098
0.098
0.098
0.098
0.098
0.098
0.098
0.098
0.098
0.098
0.098
0.098
0.098
0.098
0.098
0.098
0.098
0.098
0.098
0.0392
0.0392
0.0392
0.0392
0.0392
0.0392
0.0392
0.0392
0.0392
0.0392
0
0
0
0
0
0
0
0
0
0
0
0
0
0
0
0
0
0
0
0
0
0
0
0
0
0
0
0
0
0
0
0
0
0
0
0
0
0
0
0
0
0
0
0
0
0
0
0
0
0
0
0
0
0
0
0
0
0
0
0
0
0
0
0
0
0
0
0
0
0
0
0
0
0
0
0
0
0
0
0
0
0
0
0
0
0
0
0
0
0
0
0
0
0
0
0
0
0
0
0
0
0
0
0
0
0
0
0
0
0
0
0
0
0
0
0
0
0
0
0
0
0
0
0
0
0
0
0
0
0
0
0
0
0
0
0
0
0
0
0
0
0
0
0
0
0
0
0
0
0
0
0
0
0
0
0
0
0
0
0
0
0
0
0
0
0
0
0
0
0
0
0
0
0
0
0
0
0
0
0
0
0
0
0
0
0
0
0
0
0
0
0
0
0
0
0
